       13.0309380379         22.2490652048
       -9.8150665215         20.0689743313
       12.0432795679         -6.3040920637
        6.3544332082          6.4476700467
        5.7123469523         16.8655363830
        2.0202390280         -9.7785246138
        8.6818654201          0.9189875247
        8.0814468985          4.3356435492
       13.3481703129         21.5330833337
       -0.5439867117         30.5075434438
        0.9780181828         13.0685071756
        7.7463672928         -0.1737945150
        2.3156477068          3.2459065952
        6.9491530858         12.2317266191
        4.3204806925         33.0230653946
        2.1124229392          6.5814051941
       11.8254156593          6.1554500878
       12.2451574508         23.8950921626
        4.3186211896          8.9409576925
        5.0998659635         13.3846663140
        1.9750356644         10.3666631506
        0.8681977241         26.2346171679
        4.3553812725         30.3953540363
        5.6124194765         30.9653380618
       -0.7256328602         22.2043428135
       -0.9335249292          9.8742657931
       -2.8558724740         20.2890700800
        6.9018524595         12.9758635226
       -2.9997912842         -4.7191272390
        5.8019535939         20.1785994811
       -5.0811706369         20.1581785226
       18.6171410155        -14.3920074177
        0.5393299167         15.4620142840
       -1.4965060829         -9.4740183020
        5.0427084384         31.9856441448
        3.5342784894         28.3048077519
       10.4368596841         13.8712626202
        4.2385469256         24.2954449752
        7.1656126904         28.8087495245
        7.4151113172         22.2566685850
        3.2631306091         25.9610169155
        7.0994018493         28.7747500655
        6.6246320095          6.8779938941
       -0.5632643659         23.5360978878
        4.4119836954         28.6468694856
        9.4267947809         19.0856907868
        1.1430983471         22.0394721436
        6.9204063783          3.3538738050
        5.7339153015          7.9155804147
        3.6538144826         -2.6308997205
        1.3397106513          7.6677364947
        0.8991961441         -9.1735466303
       -1.0304590854         19.2297787683
        7.1088524271         26.4023558087
        6.6955250649         13.6455963579
       -0.4512353831         17.7295392730
        4.6997193611         16.3283004217
        6.3075248772          5.4070012987
       -0.4691366985         17.7121725315
        4.8612890097         20.2374848657
       10.1930284290         10.9268840660
        6.6129678435         12.6473576808
       -4.1116805156         16.4090635669
       19.7187107252          5.5490080088
        0.3643937181          2.2088318246
        3.9362004488         19.5341270269
        9.0006948538         10.1967836572
       -0.5884419813         28.7123359419
        7.8514582811         12.0671567515
       15.4146446983         17.8511654820
        0.9980566970          4.6711573424
        5.8013425450         28.0137728272
        0.7797606752         37.2932335271
        9.1387860131         21.7257895190
        1.8724223263         44.7206951926
        0.2663161909         22.3337713325
        0.1511300916          6.1496837832
       17.5010069986         11.8214364766
        6.6686520462        -16.1141756153
       12.1154413170          7.7048848503
        4.9931267287         23.8292721215
        4.6822065252          9.3557346280
       11.8275167918         -7.1020146534
       -6.8010373966         14.9800047089
       -8.1722090203         37.6164609316
       10.9376363478         18.7093183372
        6.1741643132         23.7470237688
        4.5921400408         28.2936575420
        7.7659471592         -6.4077872266
        5.7015883183         20.5076707662
        9.3222904434         20.9406274833
       13.8517276809         11.0580918145
        2.8561893986         -0.2622982821
        4.4571905740         24.9829489990
        8.6099725965         -4.9203803163
       12.1180412513         31.4869725955
        2.3061976869         11.2239995863
        9.7785381928          6.1744739669
        0.3934020530         24.1307290337
        3.8892059902          1.9483625752
        3.1151036308         22.9489008717
       10.8666888818          3.5670518575
       13.7237860876         18.0811531864
        2.3382589617         14.7813340369
        7.0109282091         20.5735289545
        3.0901621915         42.5480209678
       10.3336533315         22.5127000880
       14.9835517051         19.3828764683
        8.7157078609         16.5047270981
       17.2084366968         46.8953014300
       -1.8134819317         20.2541358094
       10.0113192556         10.8342059133
        2.9734444554         38.7902200895
        1.8847806647         16.8276109383
        3.0867369922         13.5429937678
       -6.5169286956         15.9745808902
        7.8302951768         25.7963657390
        7.1602117975         17.8663164064
        2.5129834531         14.5010795381
        3.8388309594         13.6912744174
        1.1181723737         12.8066528980
        8.4582162373          0.9530342090
        5.9748683288         41.5943322524
        3.5661050157         17.7591434267
       -2.0879340187         33.0958281577
        6.4423119985         13.5299627006
        4.5935303664         18.6993376817
        3.8946469438         -1.7259901147
       -1.1500430139          8.0706016210
        6.9308128966         -1.9176345016
       -0.4786899027          7.8397391825
       -0.9962059973         16.9209325338
       15.2056477667         40.7414015140
        6.5378645380         21.4377207312
       -2.4177476358         14.0863438921
       16.9725176526         11.4059018270
        7.3721770028         28.6737168496
        7.3022471826         33.2997215537
       -0.5842616668          8.8268573269
       11.7983452018        -19.2229646537
       -0.8437089339         15.2456819210
       -1.2456186710         12.5347073242
        2.3548198376         23.6869714481
        5.8904859360         34.3764131166
        9.9480592519          7.0759724294
        0.1416924234          7.8623741281
       16.2669957214         29.3260543401
        3.6682769366         23.5044680399
        8.1818439290         27.1484388691
        6.4446409533         14.0333656209
        6.8631164335         -4.6210625761
        5.4720975336         23.3268462640
        2.8800259523         17.6964832608
        1.8372385342          3.6758551886
       11.9478779963         10.5854603754
        9.6361792672         14.1978753647
        3.7578031668         20.9413748608
        2.3240676218          7.1809693202
        0.7301249020         27.5648733434
        4.8693326813         24.4388319670
        7.7725497844         -6.0034651597
        2.8492607639         17.5732785493
        0.7563588384         28.1706065403
        8.7797206334          2.4785758653
        2.4561367225         38.6656921625
        2.2634316795         15.1595460318
        8.2388661001         19.6584920712
        7.9331043314         20.7813774029
        2.1366649081         20.9887630843
        7.7699003662         -1.1194703441
       12.9840909187         -3.8918794864
        4.4943980197         10.9899576810
       -0.1065448343         12.9334439194
       -1.6389765169         17.9481845801
        1.8152881268         -3.2060170817
        4.3807510737         26.5272109425
       15.2149425576         44.2980031340
        2.2909694014         12.9579881244
        5.6049303972         28.1759652279
        3.7834424560         11.4541284255
        7.8936015409         -7.0166955756
       10.3958063554         11.1553670398
       10.8202301989         25.3983820015
        2.7784338822          6.5693409487
        6.7531168520         -2.2055642427
        2.4983774611          1.7365845326
        1.6348921354         18.8480333047
        4.1327719387          6.4486812634
        6.8666781832          8.2500244251
        4.5872529101         18.4597292916
       -7.3973521322         25.8128922833
       -5.1972259955          2.0669511305
        7.5508472218         -3.0147431062
       14.8887173410         -1.0102622950
       -0.9285929097         15.4861130239
       13.8069900295         -3.1043958733
        7.7992026402         -2.4431377750
        1.8631972410          8.9911136467
       15.2047880950         31.6254242941
        2.2999953572          4.6267147998
        7.2845752485         27.6966956264
        1.0182879314         23.7591253828
       11.6117350665         -8.5287663977
        5.7647920467         22.0029646981
       -3.0061649659         23.3131484386
        4.6056650496         11.4562569017
       -1.2797689042         -5.7874846627
       11.6296025481          8.4878971119
        1.8448461585         10.0656165525
       10.3102094604         18.1039602553
       -7.1681345092         20.4014540913
       -5.7643821856         33.2845524706
        6.6827544296         17.8990153522
        7.4002605062         17.5166398138
        3.2169254155          6.3494567013
        3.8183967901         23.3488792351
        1.1226640846         20.9929006226
        1.5300221519         14.5596662803
       11.8461088642          0.7112562322
        0.7046978792          5.5075947166
        6.9413275294          7.1135481181
        2.2699440552         22.7697030965
       -0.8136420424         10.1984289915
       -0.4981261323         16.2544970542
       -1.5534656635          0.9299188637
        9.5516443580         -7.9274231006
        3.9291532496         26.0661266606
        2.5274202703         24.0891563347
       11.7560193803        -12.3617147483
        4.5653311685         19.3724855862
       10.0005893660          6.7760836204
        5.7367633032         17.7104233192
        9.6000979899          3.7108616064
        6.0815705118         -5.1056560384
        8.3921158972         -2.3865409947
       -0.4300258776          6.1510714358
       -0.9112159017         -0.7250520940
        0.8846714281         20.5629851499
       -0.0539690189         18.1213042215
       -2.8041018164         20.6956814150
       12.3579992485         21.9240555446
        3.5810216462         18.8208079133
       14.1664012509         17.3502651841
       10.6859497436        -16.0848309555
        3.1660848406         19.8318868692
        1.6421001879         -8.1032309594
        5.0902920802         34.8349879101
        1.5386613329         10.8527826729
        7.1983919578         23.6930978490
        5.5298264067         23.9316631037
        3.6828469312         13.3389969555
       10.8082221632        -10.5581888787
        3.9248183280          0.0911782082
       -0.5521355345          8.0904744438
        0.0167347226         -1.4861232853
        0.8503573416         13.7773837830
       10.9781043219         15.6247879842
        7.2342158791         20.5155415061
        4.6514913801         23.8575519441
        3.9380519149         24.3319974465
        4.1505400923         26.6022205845
        5.0770734461         26.2277029617
        7.9275198840          7.6408868469
       -0.4909888506         34.3887552792
       -0.9262439560         13.9828039179
        1.5657685014          4.0406153645
        6.0615107556         10.6949461590
        5.3327368712         26.9012928798
        2.1022607954         20.9887110450
        1.1981665418         13.2512321108
        9.1259471074         -8.3541230814
        5.9475335850         23.9407856124
       10.9758913658          3.9242355633
       12.9388974880         -2.0314911565
        9.5473581790          5.8125819520
        4.2457842584         40.3123183138
        0.1215904469          7.8601850261
       17.3821072501         13.9552708072
        1.0115907199         18.3030763199
        3.9654568446         10.2169634585
        6.5686023763         -8.2623315436
       -3.0165077412         25.4712579813
        6.4277571954         12.2500708633
       12.4511881038         23.4474729431
        0.4927168256          3.7701970494
        0.8432218791         10.0158825337
       10.7217501021        -15.8520705832
        1.1398505091         11.0653046191
        6.3141461811          4.5599751837
       -2.5694694626         25.3244504792
        5.1578150724         21.6685526480
        6.9899875070         21.0176659927
       -3.6476649821         37.2757553102
        5.1891986986          7.2428856512
        8.6502019059         10.6952932923
        9.5978983943         20.0205263571
       -0.6037818574         11.3324372954
        0.0573363187         33.2204299528
       -4.1455677419         20.5390938066
        5.6785701814          1.7542602549
       -0.2552249075          9.0825667859
        2.4519282799         10.6811555603
        3.5058759858         28.7794877192
        4.4988007695         32.9853610434
        2.9995867916         16.1964262415
       17.1547999734         17.1820605351
        8.7636372085          1.4630758642
        8.5004014381         14.3026879512
       -5.3827128908         22.4705026192
        7.1291585465         15.1516452022
       17.3212161369         35.8511634862
        8.6695561894        -11.6318176709
       -0.1152130354         -1.2275930524
       11.6015667460         13.2665138913
        3.9606518204         13.0217260946
        3.9017063970         34.6888674623
       10.6429566507          6.6375513398
        6.3868823631          1.8451655436
       -5.2269481073         18.7340926465
       -3.1896260777         -3.3250926466
        2.2005693001        -13.0942415330
       13.6945073655        -14.7265331787
        7.0301057098         13.8872055176
        4.1492269540         29.8990079457
       10.7384799847          1.6948897715
       11.8324001375         20.5551345947
        0.3285695306         19.4731657181
        5.5139244798         32.1005373937
        0.4765021740          7.7353601512
        4.1205380768         23.7632893036
        5.0462898212         24.1163530312
        6.4656293695         25.0264836092
        1.1666950295         -3.8108906082
        2.6264718084         19.4403988940
        4.1194874056          6.2590380068
        0.4008621605         11.9438433506
        1.9189398037          8.0069631160
        9.8721937573        -12.8620692148
        5.3515452207         25.3723316899
       -4.4574324611         17.0552095432
        8.9710824911         18.8810146773
       -0.5180891080         19.7102747785
        5.1245033498         20.8734536848
       -2.3948743251         22.1605884610
       -3.7830876063         12.2344316804
       10.9820521730         23.3713043185
        0.8388173456         28.4281095728
       12.1910008366         13.2480426988
        2.6918800200         12.2191297480
        7.9911980452          1.0023034962
        4.9537176908         10.6827498747
        3.8588307181         13.5590246799
        5.8639189419         26.4057282351
        3.0661452943          6.6451186556
        8.5098770654        -10.2065345492
       -0.2079424964          4.9718176517
        9.5545238543          6.0654967453
       10.6623219436         10.7003317088
        2.7142739811          8.2814915727
        7.0518019538         22.8024420654
       -2.5370497677         36.6407769992
        9.2071089414         30.2877975855
        6.7992627690          4.2036276094
        4.6571746919         39.1065240747
        0.8083713583         14.1884249572
        6.0650893548         13.5296611084
        6.4962102820          2.8624330834
        5.5884200350         20.0506792757
        5.0031680132         22.9472569628
        8.5938434889         -2.5101597655
        3.1133926865         18.1923518376
        4.3689096175          5.3666273757
       11.4499725387         10.5923516771
        0.8742760578         15.6839266426
        4.4373842911          7.1591375144
        3.9583974428         26.4787990011
       10.8905630178         15.6332552471
       12.7449018019          6.2400485011
        9.1248005346         31.4106347894
        6.9627597652          5.3326057192
        3.2901793238          4.2580248149
        3.0541546835         13.2000620691
        7.8012719474         -4.1819825774
        0.5228239334          2.9610230530
       -1.7780568972          7.8113459128
       -3.6862348629          4.6549695145
        3.8926422453         10.3984201668
        4.0482912345         33.7986991059
       -1.4653194264         13.3878851466
        9.9485862419         -4.4765722836
        8.7802872177        -16.7739048153
        6.7056930317          4.8789608115
        8.3137838496         12.3538176130
       -8.3569810868         36.3414833168
       -1.8988676413         31.9028257225
        5.5563084326         30.2764598658
        4.0924560971         16.9192014904
        2.7431535307         26.1724730092
        2.7324705432         19.4687264639
        4.3889944599         29.9095190388
