       13.0309380379          9.1836676283
       -9.8150665215         15.3532063847
       12.0432795679         -0.0950347719
        6.3544332082          2.8273481162
        5.7123469523          2.1121339553
        2.0202390280         -6.8675484425
        8.6818654201          5.6576113995
        8.0814468985          5.3808203396
       13.3481703129          5.6223067607
       -0.5439867117         20.0022563617
        0.9780181828         14.5786956261
        7.7463672928         10.9212324829
        2.3156477068          0.5833344368
        6.9491530858         10.5759950544
        4.3204806925         24.2327054729
        2.1124229392          8.4234286367
       11.8254156593         24.6101100755
       12.2451574508         18.6541834543
        4.3186211896          0.1772638646
        5.0998659635         -1.4270971584
        1.9750356644         13.3979604187
        0.8681977241         26.8208761877
        4.3553812725         21.1632796555
        5.6124194765         16.5122536158
       -0.7256328602         20.4892275183
       -0.9335249292         10.1868922177
       -2.8558724740         20.3772123747
        6.9018524595         13.3145634283
       -2.9997912842         -4.7191255191
        5.8019535939          4.4853246567
       -5.0811706369         20.0668726016
       18.6171410155         -7.8443796413
        0.5393299167         10.7449248874
       -1.4965060829        -22.4630558283
        5.0427084384         17.3110017987
        3.5342784894         20.8423506075
       10.4368596841         11.3720716875
        4.2385469256         16.8861899658
        7.1656126904         19.0392494237
        7.4151113172         17.3220676723
        3.2631306091         19.1391841759
        7.0994018493         20.7603606311
        6.6246320095         10.2099327631
       -0.5632643659         13.5926256508
        4.4119836954         18.9344245058
        9.4267947809         13.3804378914
        1.1430983471         21.9850216577
        6.9204063783          2.9373160534
        5.7339153015         -7.0350000235
        3.6538144826         -9.1417507058
        1.3397106513          3.8495648029
        0.8991961441         -8.1729662805
       -1.0304590854         19.3005853739
        7.1088524271         18.0761027036
        6.6955250649         17.8796102381
       -0.4512353831          7.5358415403
        4.6997193611          4.2878320413
        6.3075248772          1.2973646608
       -0.4691366985          7.0620899002
        4.8612890097          6.4716746024
       10.1930284290          7.5547882687
        6.6129678435         15.7399700285
       -4.1116805156         16.3398437853
       19.7187107252         36.1151289619
        0.3643937181         -0.0833736316
        3.9362004488         14.7267170985
        9.0006948538          3.9595058251
       -0.5884419813         19.7677997868
        7.8514582811         22.7635036785
       15.4146446983          6.4907960597
        0.9980566970          6.1747810161
        5.8013425450         12.3270757936
        0.7797606752         36.2337120704
        9.1387860131          8.9717596579
        1.8724223263         46.9846380489
        0.2663161909         23.1537695173
        0.1511300916         10.7392102060
       17.5010069986         11.9807702173
        6.6686520462        -12.1000725267
       12.1154413170          8.6524569701
        4.9931267287          9.3634881766
        4.6822065252         -2.4499740262
       11.8275167918         11.3161200136
       -6.8010373966         11.4019814369
       -8.1722090203         34.5268325804
       10.9376363478         14.7158262754
        6.1741643132         20.8179590713
        4.5921400408         17.5524794264
        7.7659471592          4.8906745086
        5.7015883183          5.8382186605
        9.3222904434          9.0912910942
       13.8517276809         32.4323490003
        2.8561893986         -4.8139585639
        4.4571905740         15.0397174194
        8.6099725965         -1.3849634109
       12.1180412513         32.2602483291
        2.3061976869          8.7770310935
        9.7785381928         21.2143546377
        0.3934020530         21.0992761466
        3.8892059902         -2.8821948138
        3.1151036308         17.6393774462
       10.8666888818          4.1023919762
       13.7237860876         38.9528961447
        2.3382589617         11.6191229802
        7.0109282091         16.1364433386
        3.0901621915         37.4646526658
       10.3336533315         17.4017511770
       14.9835517051          8.2550712528
        8.7157078609         21.3317584688
       17.2084366968         18.3303039622
       -1.8134819317         20.3326675432
       10.0113192556         17.4332021845
        2.9734444554         34.3749013209
        1.8847806647         19.2557315188
        3.0867369922          8.4889135709
       -6.5169286956         -6.9378322973
        7.8302951768         36.8609646361
        7.1602117975          8.1989212146
        2.5129834531          8.7832360589
        3.8388309594          8.6869931537
        1.1181723737         13.1778064387
        8.4582162373         -0.5100043847
        5.9748683288         25.4357915005
        3.5661050157         10.5009835916
       -2.0879340187         33.4184190986
        6.4423119985         11.8413852388
        4.5935303664          7.9449266581
        3.8946469438         -6.5467812737
       -1.1500430139          8.8079459187
        6.9308128966         -2.7745138680
       -0.4786899027         -2.9794977775
       -0.9962059973         16.9220696950
       15.2056477667         15.8004105024
        6.5378645380         22.5731816594
       -2.4177476358          1.4403026300
       16.9725176526         -0.4268530989
        7.3721770028         21.6611382051
        7.3022471826         23.8901399166
       -0.5842616668         -0.3018067908
       11.7983452018         -0.4965895926
       -0.8437089339         16.1052102775
       -1.2456186710         11.4572125230
        2.3548198376         20.1763954159
        5.8904859360         18.0366166690
        9.9480592519         17.4144204213
        0.1416924234         12.7142576079
       16.2669957214         22.5463070972
        3.6682769366         17.1309305515
        8.1818439290         24.1501740272
        6.4446409533         12.4090454426
        6.8631164335         -2.8638834012
        5.4720975336          8.0176668441
        2.8800259523         13.2352267167
        1.8372385342          5.3804270339
       11.9478779963         23.7310413276
        9.6361792672         24.3365334356
        3.7578031668         15.3901652218
        2.3240676218          4.3294525190
        0.7301249020         25.4432872658
        4.8693326813         10.6194554740
        7.7725497844          5.3345304191
        2.8492607639         12.9903129208
        0.7563588384         26.6118904313
        8.7797206334          6.5227674951
        2.4561367225         33.4762556120
        2.2634316795         13.7206064075
        8.2388661001         15.3511201821
        7.9331043314         28.9125323987
        2.1366649081         22.3955575323
        7.7699003662         10.2044258804
       12.9840909187        -13.1307982448
        4.4943980197          0.8897841145
       -0.1065448343         13.7566889224
       -1.6389765169          9.9813882647
        1.8152881268         -1.9109538087
        4.3807510737         17.0459478060
       15.2149425576         19.3526246584
        2.2909694014         10.8650353416
        5.6049303972         13.7015575103
        3.7834424560          6.1053857011
        7.8936015409          2.5611183839
       10.3958063554          7.3130683992
       10.8202301989         28.2540886357
        2.7784338822          1.5695447672
        6.7531168520          1.9308014384
        2.4983774611         -3.8756583085
        1.6348921354         16.1069121539
        4.1327719387          0.6003974246
        6.8666781832          9.8871669148
        4.5872529101          7.7640748963
       -7.3973521322          5.3154722367
       -5.1972259955         -0.3405115417
        7.5508472218          0.0841071434
       14.8887173410         -3.2554611236
       -0.9285929097         15.8400928270
       13.8069900295         19.2209787288
        7.7992026402          8.9055086717
        1.8631972410         11.1210981076
       15.2047880950          6.6878161074
        2.2999953572          2.3230471723
        7.2845752485         17.9089009589
        1.0182879314         25.1994249138
       11.6117350665          2.0866031608
        5.7647920467          6.7235894537
       -3.0061649659         23.3146412615
        4.6056650496          0.5811472845
       -1.2797689042         -8.4079028307
       11.6296025481         20.5425501991
        1.8448461585         11.9019028798
       10.3102094604         12.8148091578
       -7.1681345092         18.0096618410
       -5.7643821856         28.4508614251
        6.6827544296         22.0485032779
        7.4002605062         11.8198841899
        3.2169254155         -0.0102300978
        3.8183967901         18.2343461803
        1.1226640846         21.2910209403
        1.5300221519         10.1691131121
       11.8461088642         18.7124773575
        0.7046978792          2.8537944194
        6.9413275294          5.8017862850
        2.2699440552         21.1750528334
       -0.8136420424         10.8902710551
       -0.4981261323          5.2593189572
       -1.5534656635        -11.2673394649
        9.5516443580         -3.7823204382
        3.9291532496         21.2641617163
        2.5274202703         18.2871820787
       11.7560193803          6.0278133780
        4.5653311685          8.8618447957
       10.0005893660         14.0422714399
        5.7367633032          2.7313823731
        9.6000979899         11.4808821333
        6.0815705118         -5.2953581439
        8.3921158972         -5.8143690668
       -0.4300258776         -3.2867508954
       -0.9112159017         -0.2200970460
        0.8846714281         21.3828344912
       -0.0539690189         18.3867409571
       -2.8041018164         19.9377909780
       12.3579992485         16.5632681404
        3.5810216462         11.6734981473
       14.1664012509         15.3326141999
       10.6859497436        -10.6949810179
        3.1660848406         14.0087220049
        1.6421001879        -10.6940763087
        5.0902920802         20.0412158916
        1.5386613329          6.5516468901
        7.1983919578         13.4820773621
        5.5298264067          9.0232708057
        3.6828469312          7.1046205710
       10.8082221632         -7.2119023668
        3.9248183280         -4.7090121154
       -0.5521355345         -2.2009444606
        0.0167347226          5.4667165715
        0.8503573416         14.0794289145
       10.9781043219          8.7761333329
        7.2342158791         10.1938037789
        4.6514913801         12.4524205967
        3.9380519149         19.5226306179
        4.1505400923         20.5752831393
        5.0770734461         11.4612210807
        7.9275198840         15.9964767156
       -0.4909888506         23.4315876807
       -0.9262439560         14.3568504130
        1.5657685014          0.0799422206
        6.0615107556         11.2203306691
        5.3327368712         11.3921042722
        2.1022607954         22.9965262487
        1.1981665418         12.1250578652
        9.1259471074        -20.6928752080
        5.9475335850          7.6466669060
       10.9758913658         -2.7670906006
       12.9388974880         -7.4914340302
        9.5473581790          9.6202711193
        4.2457842584         32.7717324380
        0.1215904469         13.2313026186
       17.3821072501         -3.2901979697
        1.0115907199         19.7705814626
        3.9654568446          5.3530459572
        6.5686023763         -6.2558532768
       -3.0165077412         25.4817732991
        6.4277571954         10.1715128396
       12.4511881038         21.2116948901
        0.4927168256         -0.8079949505
        0.8432218791         10.1959958268
       10.7217501021        -10.4923137980
        1.1398505091         11.0689656944
        6.3141461811          0.4920717579
       -2.5694694626         11.7888479877
        5.1578150724          6.7524250307
        6.9899875070         17.5245985397
       -3.6476649821         26.6454822866
        5.1891986986         -7.7470941453
        8.6502019059         15.0599373366
        9.5978983943         27.6355736504
       -0.6037818574          3.1159240751
        0.0573363187         39.8118075806
       -4.1455677419         20.1120796936
        5.6785701814        -12.7742277182
       -0.2552249075          8.6494619609
        2.4519282799          5.5433540816
        3.5058759858         21.1777164912
        4.4988007695         22.8657390573
        2.9995867916         11.6980739329
       17.1547999734        -10.2525207559
        8.7636372085          5.8225462652
        8.5004014381         14.3170150142
       -5.3827128908          6.6571439164
        7.1291585465          6.2196098556
       17.3212161369         12.1540956534
        8.6695561894         -7.0066977224
       -0.1152130354         -0.3170515916
       11.6015667460         23.0175912487
        3.9606518204          8.1708285064
        3.9017063970         29.8780183400
       10.6429566507         11.4859638100
        6.3868823631         -1.1938906519
       -5.2269481073         14.8790743220
       -3.1896260777         -4.1676748660
        2.2005693001        -13.0440226378
       13.6945073655          4.6337876391
        7.0301057098          8.6027906185
        4.1492269540         23.8868276718
       10.7384799847          6.8802930484
       11.8324001375         38.8799784258
        0.3285695306         18.2314000901
        5.5139244798         17.0757863954
        0.4765021740          3.2950542381
        4.1205380768         18.0102578596
        5.0462898212          9.4303769036
        6.4656293695         24.0001131159
        1.1666950295         -4.3073801028
        2.6264718084         13.5545737875
        4.1194874056          0.5130866939
        0.4008621605          8.7410077402
        1.9189398037         10.7913032755
        9.8721937573          0.8329471071
        5.3515452207          9.8171082958
       -4.4574324611         -1.1741739314
        8.9710824911         14.3623879882
       -0.5180891080          8.7740116183
        5.1245033498          6.0187363224
       -2.3948743251         10.8082980880
       -3.7830876063         10.0511768481
       10.9820521730         16.2421222241
        0.8388173456         28.5307851898
       12.1910008366          9.8837877745
        2.6918800200          6.6378368660
        7.9911980452          6.5116266312
        4.9537176908         -3.5912313651
        3.8588307181          8.6411803570
        5.8639189419         10.1773997076
        3.0661452943          1.7567529072
        8.5098770654         -9.8540793739
       -0.2079424964          5.7830373210
        9.5545238543         10.4361303860
       10.6623219436         15.8659779349
        2.7142739811          2.8421418155
        7.0518019538         16.5953581006
       -2.5370497677         22.0360765963
        9.2071089414         16.2990473916
        6.7992627690          7.6784714897
        4.6571746919         27.6291560239
        0.8083713583         13.7163853983
        6.0650893548         13.9256927676
        6.4962102820          2.7478540108
        5.5884200350          5.5112418571
        5.0031680132          8.4316370189
        8.5938434889          0.5992523929
        3.1133926865         12.8990034569
        4.3689096175         -4.0057225257
       11.4499725387          5.6610961093
        0.8742760578         16.3597610436
        4.4373842911         -2.6935659122
        3.9583974428         21.6335054252
       10.8905630178         14.7514419779
       12.7449018019         11.8197263055
        9.1248005346         19.1114869509
        6.9627597652          3.0703245988
        3.2901793238         -2.8066196156
        3.0541546835          8.3992902169
        7.8012719474          7.1575676379
        0.5228239334         -1.7501506055
       -1.7780568972          7.0682089177
       -3.6862348629         -3.1795890990
        3.8926422453          5.5742427400
        4.0482912345         28.1241355084
       -1.4653194264          0.8438120812
        9.9485862419          5.8333357584
        8.7802872177        -12.7422541334
        6.7056930317          9.1534965968
        8.3137838496          7.6982468796
       -8.3569810868         17.7284354826
       -1.8988676413         32.3176348182
        5.5563084326         15.5537360919
        4.0924560971         11.2940314950
        2.7431535307         20.9295023738
        2.7324705432         14.1520582438
        4.3889944599         20.3597180777
