       13.0309380379          2.0069654906
       -9.8150665215         15.8894548317
       12.0432795679         16.9782753795
        6.3544332082         10.5980330872
        5.7123469523         10.3246188505
        2.0202390280         12.9557004447
        8.6818654201          8.0089736293
        8.0814468985         12.9811233761
       13.3481703129          6.1673166569
       -0.5439867117          4.6664050461
        0.9780181828         13.9836811327
        7.7463672928         11.9196861905
        2.3156477068          8.9238980808
        6.9491530858          8.0756623106
        4.3204806925          9.4738145233
        2.1124229392         12.1966385773
       11.8254156593         15.8242755165
       12.2451574508         15.2004434550
        4.3186211896          9.4825924644
        5.0998659635         10.0949260611
        1.9750356644         12.9878279694
        0.8681977241         12.7941252016
        4.3553812725          9.3748722446
        5.6124194765         10.6047823244
       -0.7256328602          9.1268076854
       -0.9335249292         15.4234461257
       -2.8558724740         14.8488753427
        6.9018524595          8.1878412254
       -2.9997912842         17.9997844053
        5.8019535939          9.5128395167
       -5.0811706369         18.7982363359
       18.6171410155          5.1011139237
        0.5393299167          5.6748378393
       -1.4965060829          3.5050592883
        5.0427084384         10.0218365777
        3.5342784894          8.5681430212
       10.4368596841         11.0714032554
        4.2385469256         10.1092130975
        7.1656126904          8.1209493336
        7.4151113172          9.3635319115
        3.2631306091          9.8568672177
        7.0994018493          8.0021346194
        6.6246320095          9.3800158905
       -0.5632643659          4.8704978538
        4.4119836954          9.4743526594
        9.4267947809          8.9908722756
        1.1430983471         12.4001660840
        6.9204063783          8.1393185138
        5.7339153015         10.1473355360
        3.6538144826          9.2350590143
        1.3397106513          8.0443407259
        0.8991961441         13.3054033959
       -1.0304590854         15.9203589438
        7.1088524271          8.0132588339
        6.6955250649          9.0227772792
       -0.4512353831          4.8026478651
        4.6997193611         10.1773561593
        6.3075248772         10.7433246975
       -0.4691366985          4.6333746364
        4.8612890097          9.8633428355
       10.1930284290         14.2670881456
        6.6129678435          9.4395007526
       -4.1116805156         16.9589536102
       19.7187107252         19.3360473201
        0.3643937181          6.9476868297
        3.9362004488         10.9794658159
        9.0006948538          5.9993146784
       -0.5884419813          5.2524354271
        7.8514582811         12.5465719344
       15.4146446983          7.2406447082
        0.9980566970         14.0016449872
        5.8013425450          9.5181128079
        0.7797606752         10.7845594401
        9.1387860131          6.2484208965
        1.8724223263         12.1754249345
        0.2663161909          9.5155634580
        0.1511300916         12.8221683442
       17.5010069986         10.0395478623
        6.6686520462          9.1566768397
       12.1154413170         16.6526036389
        4.9931267287          9.9994070792
        4.6822065252         10.2391538345
       11.8275167918         15.8494390094
       -6.8010373966         13.7197993316
       -8.1722090203         16.1849422735
       10.9376363478          4.1759580147
        6.1741643132         11.0027468739
        4.5921400408         10.3735788368
        7.7659471592         12.0513105696
        5.7015883183         10.4009729885
        9.3222904434          7.7103206847
       13.8517276809         17.9086424687
        2.8561893986         11.3265790226
        4.4571905740          9.7218728987
        8.6099725965          8.7774578065
       12.1180412513         16.6341863870
        2.3061976869          9.0684598276
        9.7785381928         13.6678999301
        0.3934020530          6.3886041837
        3.8892059902         10.8523384761
        3.1151036308         11.4130696937
       10.8666888818          4.6403464988
       13.7237860876         15.6403066197
        2.3382589617          8.5984373893
        7.0109282091          7.9902567999
        3.0901621915         11.6114856909
       10.3336533315         12.6621817406
       14.9835517051          0.0297742992
        8.7157078609          7.6703379765
       17.2084366968          0.3168098487
       -1.8134819317         12.6461937743
       10.0113192556         15.0081510614
        2.9734444554         11.9984112170
        1.8847806647         12.3339191723
        3.0867369922         11.6360986920
       -6.5169286956         -1.4518402480
        7.8302951768         12.4374889921
        7.1602117975          8.1076848464
        2.5129834531          7.5212542619
        3.8388309594         10.6149673802
        1.1181723737         12.8600578565
        8.4582162373         10.4526490504
        5.9748683288          9.6972154348
        3.5661050157          8.6880217612
       -2.0879340187         16.0333354257
        6.4423119985         10.2599648114
        4.5935303664         10.3750982300
        3.8946469438         10.8718952472
       -1.1500430139         13.6135597554
        6.9308128966          8.1146178353
       -0.4786899027          4.5703476057
       -0.9962059973         15.9945023449
       15.2056477667          1.8511868821
        6.5378645380          9.8174945229
       -2.4177476358          3.5510000622
       16.9725176526         -1.9279219420
        7.3721770028          9.0728064076
        7.3022471826          8.6599558264
       -0.5842616668          5.1802559066
       11.7983452018         15.4791287317
       -0.8437089339         13.2453369126
       -1.2456186710         10.1719120599
        2.3548198376          8.3811174413
        5.8904859360          9.1263222454
        9.9480592519         14.8823302287
        0.1416924234         13.0568209599
       16.2669957214         17.5304320038
        3.6682769366          9.3458410668
        8.1818439290         12.6765982925
        6.4446409533         10.2499809202
        6.8631164335          8.3065161449
        5.4720975336          9.8378382213
        2.8800259523         11.5456311920
        1.8372385342         11.6481058611
       11.9478779963         16.8549399508
        9.6361792672         11.9234954815
        3.7578031668         10.0608789521
        2.3240676218          8.7991406887
        0.7301249020          9.4681674114
        4.8693326813          9.8696639103
        7.7725497844         12.0943406035
        2.8492607639         11.2560773908
        0.7563588384         10.1695043154
        8.7797206334          7.0897908426
        2.4561367225          7.5521375520
        2.2634316795          9.7693248392
        8.2388661001         12.3689148474
        7.9331043314         12.8685694939
        2.1366649081         11.8709860950
        7.7699003662         12.0771594652
       12.9840909187          2.0258790781
        4.4943980197          9.9644367499
       -0.1065448343         14.0043926926
       -1.6389765169          5.7353489289
        1.8152881268         11.2700908012
        4.3807510737          9.3823675295
       15.2149425576          2.0267957795
        2.2909694014          9.3103219639
        5.6049303972         10.5857935892
        3.7834424560         10.2537523670
        7.8936015409         12.7334497747
       10.3958063554         11.7348581483
       10.8202301989          5.0835630260
        2.7784338822         10.3947867113
        6.7531168520          8.7482803949
        2.4983774611          7.4985074595
        1.6348921354          7.7729040148
        4.1327719387         10.8630953359
        6.8666781832          8.2946771562
        4.5872529101         10.3671767487
       -7.3973521322          0.0929476971
       -5.1972259955         13.3196634604
        7.5508472218         10.4057448111
       14.8887173410          0.7094693841
       -0.9285929097         15.3418247793
       13.8069900295         17.2369552223
        7.7992026402         12.2604738875
        1.8631972410         12.0476203474
       15.2047880950          1.8353103572
        2.2999953572          9.1657275893
        7.2845752485          8.5692082111
        1.0182879314         13.9554547208
       11.6117350665         12.2735210276
        5.7647920467          9.8586559164
       -3.0061649659         18.0001592978
        4.6056650496         10.3827524174
       -1.2797689042          8.8322467098
       11.6296025481         12.6253335053
        1.8448461585         11.7709362556
       10.3102094604         12.9818897352
       -7.1681345092         15.9866215863
       -5.7643821856         10.9714101348
        6.6827544296          9.0860744257
        7.4002605062          9.2601472007
        3.2169254155         10.3678860466
        3.8183967901         10.4923070385
        1.1226640846         12.7816335425
        1.5300221519          6.5915755315
       11.8461088642         16.0614786855
        0.7046978792          8.7938211371
        6.9413275294          8.0915581898
        2.2699440552          9.6587853608
       -0.8136420424         12.2632681277
       -0.4981261323          4.5022549487
       -1.5534656635          3.8128559885
        9.5516443580         10.7352483110
        3.9291532496         10.9664916511
        2.5274202703          7.5640259934
       11.7560193803         14.8667070505
        4.5653311685         10.3180954794
       10.0005893660         15.0005807944
        5.7367633032         10.1219868281
        9.6000979899         11.4228551919
        6.0815705118         11.0462511385
        8.3921158972         11.1277977286
       -0.4300258776          5.0863898397
       -0.9112159017         15.0150567796
        0.8846714281         13.0813284331
       -0.0539690189         14.7661722929
       -2.8041018164         12.6020649870
       12.3579992485         13.1746689313
        3.5810216462          8.7609535258
       14.1664012509         17.9421551865
       10.6859497436          6.8641181171
        3.1660848406         10.9227575182
        1.6421001879          7.8939212231
        5.0902920802         10.0818392724
        1.5386613329          6.6402840603
        7.1983919578          8.2149584040
        5.5298264067         10.1939670256
        3.6828469312          9.4605906826
       10.8082221632          5.2144412694
        3.9248183280         10.9574360792
       -0.5521355345          4.7431012171
        0.0167347226         14.9557432377
        0.8503573416         12.4466301802
       10.9781043219          4.0360333789
        7.2342158791          8.3438053936
        4.6514913801         10.3293749664
        3.9380519149         10.9825154708
        4.1505400923         10.8060842165
        5.0770734461         10.0635128209
        7.9275198840         12.8519532486
       -0.4909888506          4.5178099740
       -0.9262439560         15.3011891677
        1.5657685014          6.8548406408
        6.0615107556         11.0417526917
        5.3327368712          9.7130964915
        2.1022607954         12.3198899217
        1.1981665418         11.2164056569
        9.1259471074          6.1928367755
        5.9475335850          9.4195660157
       10.9758913658          4.0412407120
       12.9388974880          2.2069214995
        9.5473581790         10.6740632104
        4.2457842584         10.0399370773
        0.1215904469         13.5226586314
       17.3821072501          5.5181563913
        1.0115907199         13.9778372516
        3.9654568446         11.0102716428
        6.5686023763          9.6645447634
       -3.0165077412         17.9734252431
        6.4277571954         10.3212654404
       12.4511881038         11.1381451350
        0.4927168256          5.4974353936
        0.8432218791         12.2979007364
       10.7217501021          6.3286350476
        1.1398505091         12.4633444978
        6.3141461811         10.7244398627
       -2.5694694626          3.1402338291
        5.1578150724         10.1445862243
        6.9899875070          8.0109968865
       -3.6476649821          4.8149384308
        5.1891986986         10.1308976099
        8.6502019059          8.3407803583
        9.5978983943         11.3919266531
       -0.6037818574          5.5459858514
        0.0573363187         14.6253795865
       -4.1455677419         15.5795690978
        5.6785701814         10.5305341615
       -0.2552249075          9.8275068834
        2.4519282799          7.5672779788
        3.5058759858          8.5068941751
        4.4988007695          9.9924472261
        2.9995867916         12.0004064664
       17.1547999734         -0.7455664315
        8.7636372085          7.2271668858
        8.5004014381          9.9955854524
       -5.3827128908          2.3112826009
        7.1291585465          8.0437264024
       17.3212161369          3.4377566686
        8.6695561894          8.1364496024
       -0.1152130354         13.8324465347
       11.6015667460         12.0708745612
        3.9606518204         11.0077452877
        3.9017063970         10.8954084375
       10.6429566507          7.5500236232
        6.3868823631         10.4825474622
       -5.2269481073         11.4760904744
       -3.1896260777         13.0326838328
        2.2005693001         10.8555426339
       13.6945073655         14.9883722998
        7.0301057098          7.9789675297
        4.1492269540         10.8116489743
       10.7384799847          6.0917606170
       11.8324001375         15.9069913278
        0.3285695306          7.7864045482
        5.5139244798         10.0894684005
        0.4765021740          5.5257141108
        4.1205380768         10.8780798305
        5.0462898212         10.0254335254
        6.4656293695         10.1579491416
        1.1666950295         11.9160608476
        2.6264718084          8.3372543362
        4.1194874056         10.8784007413
        0.4008621605          6.2646298792
        1.9189398037         12.6900061896
        9.8721937573         14.4847077423
        5.3515452207          9.6636143650
       -4.4574324611          0.8788231965
        8.9710824911          6.0452932778
       -0.5180891080          4.5175137766
        5.1245033498         10.1245009250
       -2.3948743251          4.1604837426
       -3.7830876063         11.8128401212
       10.9820521730          4.0274545017
        0.8388173456         12.2035043252
       12.1910008366         15.9347989648
        2.6918800200          9.1757331312
        7.9911980452         12.9900545206
        4.9537176908          9.9745742526
        3.8588307181         10.7209291519
        5.8639189419          9.1444433115
        3.0661452943         11.7692314050
        8.5098770654          9.8911069876
       -0.2079424964         11.3602639964
        9.5545238543         10.7763428527
       10.6623219436          7.2360331931
        2.7142739811          9.4912138299
        7.0518019538          7.9753086226
       -2.5370497677          2.6662514418
        9.2071089414          6.6524493108
        6.7992627690          8.5468191841
        4.6571746919         10.3151834648
        0.8083713583         11.5030802576
        6.0650893548         11.0428991195
        6.4962102820         10.0178130851
        5.5884200350         10.5273394874
        5.0031680132         10.0001260867
        8.5938434889          8.9557522720
        3.1133926865         11.4276925840
        4.3689096175          9.3707570068
       11.4499725387          8.9904523976
        0.8742760578         12.9040273033
        4.4373842911          9.6015925776
        3.9583974428         11.0062193217
       10.8905630178          4.4541618769
       12.7449018019          4.6119397962
        9.1248005346          6.1881928134
        6.9627597652          8.0506575707
        3.2901793238          9.5729191866
        3.0541546835         11.8342834306
        7.8012719474         12.2728380018
        0.5228239334          5.5687829235
       -1.7780568972         11.1887018995
       -3.6862348629          6.6122357915
        3.8926422453         10.8648341241
        4.0482912345         10.5427395951
       -1.4653194264          3.6875684847
        9.9485862419         14.8841744779
        8.7802872177          7.0850655493
        6.7056930317          8.9729000667
        8.3137838496         11.8299116372
       -8.3569810868          1.6826773259
       -1.8988676413         15.5523091753
        5.5563084326         10.3616039461
        4.0924560971         10.8327036394
        2.7431535307          9.9029457415
        2.7324705432          9.7507570758
        4.3889944599          9.3984182934
