13.03093804	43.23857821
-9.815066522	-10.16638149
12.04327957	17.01324898
6.354433208	14.93818145
5.712346952	13.21220901
2.020239028	-5.782770831
8.68186542	25.01236861
8.081446899	18.56259076
13.34817031	36.15133073
-0.543986712	24.24787789
0.978018183	12.55105086
7.746367293	24.49428088
2.315647707	6.29073177
6.949153086	26.39863892
4.320480693	33.39985233
2.112422939	10.45163594
11.82541566	42.43666588
12.24515745	37.9440549
4.31862119	9.331913779
5.099865964	8.677708708
1.975035664	14.36020378
0.868197724	25.76314643
4.355381273	30.49916996
5.612419477	27.13231024
-0.72563286	19.91115411
-0.933524929	2.896396234
-2.855872474	9.816592084
6.90185246	28.93042712
-2.999791284	-18.71849249
5.801953594	16.57639233
-5.081170637	1.106294992
18.61714102	34.28878847
0.539329917	16.14874688
-1.496506083	-18.96112728
5.042708438	27.3745821
3.534278489	29.34276457
10.43685968	31.1743878
4.238546926	25.25407072
7.16561269	35.24952547
7.415111317	32.7887584
3.263130609	25.80857818
7.099401849	36.95702971
6.62463201	24.07918089
-0.563264366	17.59559907
4.411983695	28.28403924
9.426794781	33.24315518
1.143098347	21.87105227
6.920406378	18.6388103
5.733915302	4.285495044
3.653814483	-1.069180755
1.339710651	8.48464538
0.899196144	-9.679977388
-1.030459085	11.31930826
7.108852427	34.28054872
6.695525065	32.24788309
-0.451235383	11.83072291
4.699719361	13.5099146
6.307524877	13.16908972
-0.469136699	11.49044187
4.86128901	16.33090979
10.19302843	23.67375698
6.612967844	29.52640496
-4.111680516	1.157529144
19.71871073	66.21650309
0.364393718	3.697726975
3.936200449	21.61965218
9.000694854	25.96158085
-0.588441981	23.3384804
7.851458281	35.91984831
15.4146447	40.07944075
0.998056697	4.169249423
5.801342545	24.41164808
0.779760675	37.00867398
9.138786013	31.00091079
1.872422326	48.55405777
0.266316191	24.17083844
0.151130092	8.219302045
17.501007	46.94323635
6.668652046	2.080554726
12.11544132	26.23073597
4.993126729	19.35033455
4.682206525	6.67528519
11.82751679	29.12171459
-6.801037397	-5.919892688
-8.17220902	11.99747227
10.93763635	42.41514096
6.174164313	32.16354082
4.592140041	26.36318067
7.765947159	18.37125826
5.701588318	16.84042231
9.322290443	30.0255513
13.85172768	52.22716189
2.856189399	-0.428158789
4.457190574	24.23222567
8.609972597	17.05752398
12.11804125	49.86214444
2.306197687	14.32096664
9.778538193	37.10353109
0.393402053	25.49747607
3.88920599	4.043878691
3.115103631	22.45651501
10.86668888	31.19542324
13.72378609	60.7601617
2.338258962	17.69720351
7.010928209	32.16804296
3.090162192	42.03349136
10.33365333	35.4068761
14.98355171	48.19240036
8.715707861	41.09283621
17.2084367	62.43036751
-1.813481932	14.05950991
10.01131926	32.44768963
2.973444455	38.32337901
1.884780665	20.69137368
3.086736992	13.02628886
-6.516928696	-8.519849441
7.830295177	50.084066
7.160211798	24.41165996
2.512983453	16.2879487
3.838830959	15.74968769
1.118172374	12.55409333
8.458216237	15.95377904
5.974868329	37.68831272
3.566105016	18.94517186
-2.087934019	23.20921564
6.442311999	24.46604442
4.593530366	16.75688916
3.894646944	0.370617367
-1.150043014	2.894300136
6.930812897	12.97249409
-0.478689903	1.492774811
-0.996205997	8.935155356
15.20564777	54.36051915
6.537864538	35.83141621
-2.417747636	3.053807296
16.97251765	45.44610415
7.372177003	37.3326858
7.302247183	39.83467846
-0.584261667	3.349413969
11.7983452	17.62097208
-0.843708934	11.1724555
-1.245618671	8.794063121
2.354819838	26.50491765
5.890485936	30.6912663
9.948059252	32.4282087
0.141692423	9.940821495
16.26699572	47.54986654
3.668276937	25.12164336
8.181843929	37.83726359
6.444640953	25.04834643
6.863116434	12.55583332
5.472097534	19.12402369
2.880025952	17.44964743
1.837238534	7.406798241
11.947878	40.77185737
9.636179267	41.68539649
3.757803167	22.8448926
2.324067622	10.17844707
0.730124902	27.43536966
4.869332681	20.48845693
7.772549784	18.78528938
2.849260764	17.43275706
0.756358838	27.95510379
8.779720633	26.99241792
2.456136723	40.83639151
2.26343168	18.47814493
8.2388661	29.45993753
7.933104331	41.91017157
2.136664908	24.79790125
7.769900366	23.66706715
12.98409092	20.81150451
4.49439802	9.914143404
-0.106544834	9.539206561
-1.638976517	10.9680863
1.815288127	0.449531644
4.380751074	26.42508242
15.21494256	57.75571399
2.290969401	16.13665218
5.604930397	24.32562472
3.783442456	13.41851825
7.893601541	15.61487169
10.39580636	26.36982296
10.8202302	54.81098601
2.778433882	6.73162582
6.753116852	16.68875475
2.498377461	3.622589154
1.634892135	21.60379241
4.132771939	8.002845966
6.866678183	25.32584613
4.58725291	16.57140397
-7.397352132	0.427820275
-5.197225996	-14.05462699
7.550847222	14.78005678
14.88871734	35.81250417
-0.92859291	8.641082228
13.80699003	39.59800357
7.79920264	22.24344006
1.863197241	12.79987224
15.2047881	45.26208194
2.299995357	7.757310297
7.284575249	33.90884324
1.018287931	23.28054606
11.61173507	23.03655227
5.764792047	18.39451763
-3.006164966	9.302152032
4.60566505	9.409724966
-1.279768904	-9.799687349
11.62960255	41.17642179
1.844846159	13.82065894
10.31020946	30.45333834
-7.168134509	-2.313228764
-5.764382186	15.95068692
6.68275443	36.32793771
7.400260506	27.360258
3.216925416	6.055734687
3.81839679	25.37883272
1.122664085	20.75471557
1.530022152	16.63758188
11.84610886	36.3432164
0.704697879	5.469369041
6.941327529	21.59288315
2.269944055	26.05615558
-0.813642042	6.999718843
-0.498126132	9.760811744
-1.553465664	-8.18712678
9.551644358	14.58571997
3.92915325	28.15597656
2.52742027	25.77799663
11.75601938	24.67314509
4.565331169	17.67441165
10.00058937	29.04286938
5.736763303	14.08292215
9.60009799	29.25822292
6.081570512	5.821531741
8.392115897	9.842064999
-0.430025878	0.76680751
-0.911215902	-7.057585629
0.884671428	20.07084891
-0.053969019	13.51263063
-2.804101816	11.72752236
12.35799925	38.10459771
3.581021646	20.07458791
14.16640125	35.72326152
10.68594974	13.81280035
3.166084841	19.41813417
1.642100188	-5.303797156
5.09029208	30.13996078
1.538661333	12.9886855
7.198391958	29.66390287
5.529826407	19.88895659
3.682846931	15.00972375
10.80822216	19.19010069
3.924818328	2.183188461
-0.552135535	1.951683253
0.016734723	0.544442779
0.850357342	13.33351342
10.97810432	36.6963086
7.234215879	26.31843014
4.65149138	21.42602839
3.938051915	26.41621898
4.150540092	28.07027911
5.077073446	21.55185515
7.927519884	28.99956324
-0.490988851	27.93180001
-0.926243956	7.203173333
1.565768501	6.356638583
6.061510756	22.30159949
5.332736871	22.34448152
2.102260795	24.88115792
1.198166542	13.30498529
9.125947107	1.366182231
5.947533585	20.12216806
10.97589137	25.14345142
12.93889749	26.17943945
9.547358179	28.04092427
4.245784258	41.22336388
0.121590447	9.951824881
17.38210725	35.95586014
1.01159072	17.81592565
3.965456845	12.273688
6.568602376	7.216806712
-3.016507741	11.47533257
6.427757195	22.70576179
12.4511881	44.97592596
0.492716826	4.680003307
0.843221879	9.584538849
10.7217501	14.62255136
1.139850509	10.88532221
6.314146181	12.39592426
-2.569469463	13.50967523
5.157815072	16.92346895
6.989987507	33.49357667
-3.647664982	24.53521389
5.189198699	2.500405642
8.650201906	34.01956079
9.597898394	45.43944379
-0.603781857	6.362374509
0.057336319	35.30110063
-4.145567742	6.241375112
5.678570181	-1.947621517
-0.255224908	8.311505263
2.45192828	12.87993266
3.505875986	29.68257429
4.49880077	31.87089337
2.999586792	15.69684105
17.15479997	34.80264562
8.763637209	26.1226538
8.500401438	31.32223244
-5.382712891	3.580435534
7.129158547	22.43420055
17.32121614	53.35877126
8.669556189	12.19596505
-0.115213035	-4.379924197
11.60156675	44.14985018
3.96065182	15.08438686
3.901706397	36.7860227
10.64295665	35.22185349
6.386882363	11.09732661
-5.226948107	2.949087633
-3.189626078	-13.57961085
2.2005693	-9.498426672
13.69450737	27.03443007
7.03010571	24.68403451
4.149226954	31.37363261
10.73847998	32.2654924
11.83240014	56.63778737
0.328569531	21.1021346
5.51392448	28.01416695
0.476502174	8.722344475
4.120538077	25.37325418
5.046289821	19.49752302
6.46562937	36.77342271
1.16669503	-3.890050891
2.626471808	20.47026307
4.119487406	7.873660764
0.400862161	13.27810218
1.918939804	11.93917669
9.872193757	16.09262688
5.351545221	20.85658437
-4.457432461	-0.96786205
8.971082491	36.25925969
-0.518089108	13.22031963
5.12450335	16.1432421
-2.394874325	11.8580657
-3.783087606	0.672161514
10.98205217	44.17877207
0.838817346	28.00491556
12.19100084	28.33099048
2.69188002	12.84586377
7.991198045	19.5039682
4.953717691	6.341629764
3.858830718	15.63791264
5.863918942	22.76079428
3.066145294	6.119812091
8.509877065	7.274567769
-0.207942496	4.006888332
9.554523854	28.76883524
10.66232194	39.95458863
2.714273981	8.779475948
7.051801954	32.72365339
-2.537049768	24.29572562
9.207108941	38.06081596
6.799262769	22.73017784
4.657174692	36.62832194
0.808371358	13.83004786
6.065089355	25.01297236
6.496210282	15.72246149
5.588420035	16.16074244
5.003168013	18.43784696
8.593843489	18.8311871
3.113392687	17.69809625
4.368909618	5.361339703
11.44997254	29.57058879
0.874276058	15.20428586
4.437384291	6.579610092
3.958397443	28.54408099
10.89056302	42.07840614
12.7449018	42.69759011
9.124800535	41.17289521
6.962759765	18.94518656
3.290179324	4.200819845
3.054154684	12.67331615
7.801271947	20.48727353
0.522823933	3.726714338
-1.778056897	2.323393224
-3.686234863	-7.164294616
3.892642245	12.49469311
4.048291235	35.67797838
-1.465319426	4.225604744
9.948586242	20.84633376
8.780287218	7.733254753
6.705693032	23.59198259
8.31378385	22.49590294
-8.356981087	9.331795983
-1.898867641	22.96759036
5.556308433	26.30474901
4.092456097	18.64624005
2.743153531	26.51286369
2.732470543	19.86624225
4.38899446	29.7392887
