13.03093804	102.0793752
-9.815066522	57.63151696
12.04327957	65.44698122
6.354433208	22.41872573
5.712346952	18.10296896
2.020239028	-7.782566022
8.68186542	45.33603136
8.081446899	35.05458895
13.34817031	98.54181545
-0.543986712	25.48381209
0.978018183	11.07327428
7.746367293	39.00464941
2.315647707	4.340548507
6.949153086	36.64569705
4.320480693	34.09216766
2.112422939	8.457955396
11.82541566	88.70606232
12.24515745	88.4256805
4.31862119	10.01991589
5.099865964	11.4822932
1.975035664	12.36051539
0.868197724	24.40363463
4.355381273	31.27308043
5.612419477	31.65709748
-0.72563286	21.62569136
-0.933524929	5.199180489
-2.855872474	19.60634083
6.90185246	38.94450589
-2.999791284	-8.21953605
5.801953594	21.80381789
-5.081170637	24.17778379
18.61714102	170.3534762
0.539329917	15.21552543
-1.496506083	-14.84834989
5.042708438	30.00361942
3.534278489	28.51976981
10.43685968	64.76468846
4.238546926	25.75961689
7.16561269	46.5913027
7.415111317	45.45047368
3.263130609	24.60632764
7.099401849	47.95897932
6.62463201	32.7727915
-0.563264366	18.88076117
4.411983695	29.19287191
9.426794781	58.82179554
1.143098347	20.23819249
6.920406378	28.74400976
5.733915302	9.256556783
3.653814483	-1.701629583
1.339710651	6.702636392
0.899196144	-11.07409282
-1.030459085	13.91114939
7.108852427	45.33073528
6.695525065	41.27186091
-0.451235383	12.83500036
4.699719361	15.15415692
6.307524877	20.446475
-0.469136699	12.53875988
4.86128901	18.42439718
10.19302843	55.2366144
6.612967844	38.16614113
-4.111680516	17.83384851
19.71871073	221.192858
0.364393718	3.03533093
3.936200449	21.49408827
9.000694854	48.46644507
-0.588441981	24.68849634
7.851458281	51.03963031
15.4146447	128.0557869
0.998056697	2.671194614
5.801342545	29.63675065
0.779760675	35.75316599
9.138786013	54.48204366
1.872422326	46.5621958
0.266316191	23.67366822
0.151130092	7.928462014
17.501007	165.0838453
6.668652046	10.97871069
12.11544132	75.39181248
4.993126729	21.82973836
4.682206525	8.272401112
11.82751679	75.41175773
-6.801037397	30.80923694
-8.17220902	61.73439044
10.93763635	80.3558127
6.174164313	38.87536468
4.592140041	27.72277567
7.765947159	32.99433158
5.701588318	21.69130035
9.322290443	54.83351997
13.85172768	120.4588864
2.856189399	-2.061628646
4.457190574	25.25111843
8.609972597	36.90339284
12.11804125	99.04952383
2.306197687	12.36784515
9.778538193	65.3563593
0.393402053	24.78805455
3.88920599	3.828428327
3.115103631	21.07824307
10.86668888	68.5045091
13.72378609	127.4837418
2.338258962	15.75441308
7.010928209	42.72274372
3.090162192	40.62771816
10.33365333	68.13176502
14.98355171	130.4787078
8.715707861	61.64320225
17.2084367	176.0786409
-1.813481932	19.33083213
10.01131926	62.53830774
2.973444455	36.79717607
1.884780665	18.69801142
3.086736992	11.61678751
-6.516928696	25.74918776
7.830295177	65.08023692
7.160211798	35.72555286
2.512983453	14.41952471
3.838830959	15.44033734
1.118172374	10.94290331
8.458216237	34.80805752
5.974868329	43.58810184
3.566105016	18.17151432
-2.087934019	29.56481791
6.442311999	32.33311237
4.593530366	18.12008904
3.894646944	0.165460888
-1.150043014	5.85568563
6.930812897	23.128952
-0.478689903	2.564726628
-0.996205997	11.42378054
15.20564777	139.5550856
6.537864538	44.1275235
-2.417747636	10.81205438
16.97251765	155.5342466
7.372177003	49.76282868
7.302247183	51.89159105
-0.584261667	4.68861815
11.7983452	63.62475643
-0.843708934	13.21579575
-1.245618671	12.0610834
2.354819838	24.56786621
5.890485936	36.2592067
9.948059252	62.01403163
0.141692423	9.667475019
16.26699572	147.32345
3.668276937	24.51321733
8.181843929	54.94486077
6.444640953	32.92576303
6.863116434	22.38078404
5.472097534	23.15175433
2.880025952	15.83687027
1.837238534	5.420043889
11.947878	88.25199568
9.636179267	68.84101339
3.757803167	22.38982859
2.324067622	8.230956986
0.730124902	26.24166104
4.869332681	22.60499194
7.772549784	33.44645489
2.849260764	15.79337898
0.756358838	26.72842546
8.779720633	47.97472385
2.456136723	38.94042186
2.26343168	16.51284305
8.2388661	46.92166264
7.933104331	57.51103507
2.136664908	22.8072399
7.769900366	38.31294227
12.98409092	79.13663117
4.49439802	11.02515414
-0.106544834	9.757972131
-1.638976517	15.58916135
1.815288127	-1.533409118
4.380751074	27.25907026
15.21494256	143.0730674
2.290969401	14.17898378
5.604930397	28.8233863
3.783442456	13.00885174
7.893601541	30.98214125
10.39580636	59.61460514
10.8202302	91.70921639
2.778433882	5.034605475
6.753116852	25.98481465
2.498377461	1.746779201
1.634892135	19.67044429
4.132771939	8.277204037
6.866678183	35.16812439
4.58725291	17.91834278
-7.397352132	42.58293382
-5.197225996	9.845404022
7.550847222	28.18600922
14.88871734	116.8720215
-0.92859291	10.92941044
13.80699003	107.3005103
7.79920264	37.0588157
1.863197241	10.80922974
15.2047881	130.4452963
2.299995357	5.802308905
7.284575249	45.87221102
1.018287931	21.76242535
11.61173507	67.22927776
5.764792047	23.48134721
-3.006164966	19.83299586
4.60566505	10.80447014
-1.279768904	-6.421245316
11.62960255	85.54104441
1.844846159	11.8326953
10.31020946	62.98312898
-7.168134509	37.71411643
-5.764382186	44.09350228
6.68275443	45.29203224
7.400260506	39.94166477
3.216925416	4.79618842
3.81839679	25.03211617
1.122664085	19.13957472
1.530022152	14.74802147
11.84610886	82.81614628
0.704697879	4.308272833
6.941327529	31.80124203
2.269944055	24.09259048
-0.813642042	8.958009614
-0.498126132	10.88112883
-1.553465664	-3.87356767
9.551644358	41.09938622
3.92915325	28.01679269
2.52742027	23.9170827
11.75601938	70.26310216
4.565331169	18.96487366
10.00058937	59.04758448
5.736763303	19.06462214
9.60009799	56.13896765
6.081570512	12.15114066
8.392115897	28.27163782
-0.430025878	1.719320393
-0.911215902	-4.819996616
0.884671428	18.69282783
-0.053969019	13.62202499
-2.804101816	21.26721949
12.35799925	89.74867192
3.581021646	19.32440264
14.16640125	107.7339212
10.68594974	49.53566183
3.166084841	18.0980111
1.642100188	-7.239751018
5.09029208	32.91491335
1.538661333	11.09510218
7.198391958	41.17554235
5.529826407	24.11879382
3.682846931	14.42571065
10.80822216	55.98248953
3.924818328	2.035651259
-0.552135535	3.208381147
0.016734723	0.511113359
0.850357342	11.99435254
10.97810432	74.99948721
7.234215879	38.01693808
4.65149138	22.94123166
3.938051915	26.29424159
4.150540092	28.38269045
5.077073446	24.28604565
7.927519884	44.56730922
-0.490988851	29.03431273
-0.926243956	9.484625178
1.565768501	4.45091708
6.061510756	28.5495343
5.332736871	25.89804905
2.102260795	22.88638655
1.198166542	11.62645374
9.125947107	24.75574332
5.947533585	25.91367876
10.97589137	63.42676432
12.93889749	84.00917857
9.547358179	54.52223201
4.245784258	41.74513735
0.121590447	9.716036106
17.38210725	152.2604719
1.01159072	16.3044021
3.965456845	12.20519831
6.568602376	15.65287055
-3.016507741	22.05800753
6.427757195	30.50827868
12.4511881	97.58959235
0.492716826	3.815954591
0.843221879	8.253606659
10.7217501	50.65701378
1.139850509	9.255250788
6.314146181	19.70185289
-2.569469463	21.94970082
5.157815072	19.90936697
6.989987507	43.94356433
-3.647664982	38.48327377
5.189198699	5.585899812
8.650201906	54.13215348
9.597898394	72.30347379
-0.603781857	7.752214489
0.057336319	35.18807172
-4.145567742	23.12537655
5.678570181	2.818317773
-0.255224908	8.854524954
2.45192828	10.98205225
3.505875986	28.81640553
4.49880077	32.99289601
2.999586792	14.19642793
17.15479997	147.6366267
8.763637209	46.99604794
8.500401438	50.44984187
-5.382712891	28.83266035
7.129158547	33.58833424
17.32121614	168.7286032
8.669556189	32.43745494
-0.115213035	-4.142861105
11.60156675	88.24489217
3.96065182	15.00646464
3.901706397	36.59426631
10.64295665	70.57220332
6.386882363	18.71969505
-5.226948107	27.06347711
-3.189626078	-2.113501441
2.2005693	-11.47831265
13.69450737	93.41518133
7.03010571	35.33501623
4.149226954	31.68322086
10.73847998	68.44600862
11.83240014	102.9758336
0.328569531	20.49897451
5.51392448	32.18799958
0.476502174	7.882867288
4.120538077	25.62159505
5.046289821	22.13746386
6.46562937	44.74434555
1.16669503	-5.542852304
2.626471808	18.66649653
4.119487406	8.119774195
0.400862161	12.5567231
1.918939804	9.942462071
9.872193757	45.07834416
5.351545221	24.47301206
-4.457432461	17.88135494
8.971082491	58.55725524
-0.518089108	14.390706
5.12450335	19.02450269
-2.394874325	19.51552586
-3.783087606	15.39421265
10.98205217	82.51740269
0.838817346	26.67908813
12.19100084	78.25923951
2.69188002	11.08521276
7.991198045	35.45119521
4.953717691	8.703853862
3.858830718	15.36553846
5.863918942	28.22572907
3.066145294	4.688144985
8.509877065	26.46381747
-0.207942496	4.444393366
9.554523854	55.30425057
10.66232194	75.47249936
2.714273981	7.034569608
7.051801954	43.48400488
-2.537049768	32.58813592
9.207108941	62.03202561
6.799262769	32.24663941
4.657174692	38.15861061
0.808371358	12.54003727
6.065089355	31.27544809
6.496210282	23.83041494
5.588420035	20.59912161
5.003168013	20.94735602
8.593843489	38.57057308
3.113392687	16.31791788
4.368909618	6.16720609
11.44997254	72.22157928
0.874276058	13.83791305
4.437384291	7.550031184
3.958397443	28.46174126
10.89056302	79.59946152
12.7449018	98.42404748
9.124800535	64.55428654
6.962759765	29.2596788
3.290179324	3.033101189
3.054154684	11.2289372
7.801271947	35.31465163
0.522823933	2.817738904
-1.778056897	7.460250183
-3.686234863	7.002338842
3.892642245	12.28574044
4.048291235	35.77572687
-1.465319426	8.229824107
9.948586242	50.43634539
8.780287218	28.71940213
6.705693032	32.66375605
8.31378385	40.42783619
-8.356981087	60.9653246
-1.898867641	28.5681748
5.556308433	30.62841384
4.092456097	18.83542631
2.743153531	24.78900228
2.732470543	18.1344988
4.38899446	30.59293597
