       13.0309380379         15.0723630671
       -9.8150665215         20.6052227783
       12.0432795679         10.7692180877
        6.3544332082         14.2183550177
        5.7123469523         25.0780212782
        2.0202390280         10.0447242734
        8.6818654201          3.2703497545
        8.0814468985         11.9359465857
       13.3481703129         22.0780932299
       -0.5439867117         15.1716921282
        0.9780181828         12.4734926822
        7.7463672928          0.8246591926
        2.3156477068         11.5864702392
        6.9491530858          9.7313938753
        4.3204806925         18.2641744450
        2.1124229392         10.3546151347
       11.8254156593         -2.6303844712
       12.2451574508         20.4413521633
        4.3186211896         18.2462862923
        5.0998659635         24.9066895335
        1.9750356644          9.9565307013
        0.8681977241         12.2078661818
        4.3553812725         18.6069466254
        5.6124194765         25.0578667704
       -0.7256328602         10.8419229806
       -0.9335249292         15.1108197011
       -2.8558724740         14.7607330480
        6.9018524595          7.8491413197
       -2.9997912842         17.9997826854
        5.8019535939         25.2061143411
       -5.0811706369         18.8895422569
       18.6171410155         -1.4465138527
        0.5393299167         10.3919272359
       -1.4965060829         16.4940968146
        5.0427084384         24.6964789238
        3.5342784894         16.0306001656
       10.4368596841         13.5705941881
        4.2385469256         17.5184681069
        7.1656126904         17.8904494344
        7.4151113172         14.2981328242
        3.2631306091         16.6786999573
        7.0994018493         16.0165240538
        6.6246320095          6.0480770215
       -0.5632643659         14.8139700908
        4.4119836954         19.1867976392
        9.4267947809         14.6961251710
        1.1430983471         12.4546165699
        6.9204063783          8.5558762654
        5.7339153015         25.0979159742
        3.6538144826         15.7459099996
        1.3397106513         11.8625124177
        0.8991961441         12.3048230461
       -1.0304590854         15.8495523382
        7.1088524271         16.3395119390
        6.6955250649          4.7887633990
       -0.4512353831         14.9963455978
        4.6997193611         22.2178245397
        6.3075248772         14.8529613354
       -0.4691366985         15.2834572677
        4.8612890097         23.6291530988
       10.1930284290         17.6391839429
        6.6129678435          6.3468884049
       -4.1116805156         17.0281733918
       19.7187107252        -11.2300736330
        0.3643937181          9.2398922859
        3.9362004488         15.7868757443
        9.0006948538         12.2365925105
       -0.5884419813         14.1969715822
        7.8514582811          1.8502250074
       15.4146446983         18.6010141305
        0.9980566970         12.4980213135
        5.8013425450         25.2048098415
        0.7797606752         11.8440808968
        9.1387860131         19.0024507576
        1.8724223263          9.9114820782
        0.2663161909          8.6955652732
        0.1511300916          8.2326419214
       17.5010069986          9.8802141216
        6.6686520462          5.1425737511
       12.1154413170         15.7050315191
        4.9931267287         24.4651910241
        4.6822065252         22.0448624887
       11.8275167918         -2.5686956576
       -6.8010373966         17.2978226036
       -8.1722090203         19.2745706247
       10.9376363478          8.1694500765
        6.1741643132         13.9318115714
        4.5921400408         21.1147569524
        7.7659471592          0.7528488344
        5.7015883183         25.0704250942
        9.3222904434         19.5596570738
       13.8517276809         -3.4656147171
        2.8561893986         15.8782393044
        4.4571905740         19.6651044783
        8.6099725965          5.2420409011
       12.1180412513         15.8609106534
        2.3061976869         11.5154283204
        9.7785381928         -1.3719807407
        0.3934020530          9.4200570708
        3.8892059902         15.6828958651
        3.1151036308         16.7225931192
       10.8666888818          4.1050063801
       13.7237860876         -5.2314363386
        2.3382589617         11.7606484460
        7.0109282091         12.4273424158
        3.0901621915         16.6948539929
       10.3336533315         17.7731306516
       14.9835517051         11.1575795147
        8.7157078609          2.8433066058
       17.2084366968         28.8818073165
       -1.8134819317         12.5676620405
       10.0113192556          8.4091547902
        2.9734444554         16.4137299856
        1.8847806647          9.9057985918
        3.0867369922         16.6901788889
       -6.5169286956         21.4605729395
        7.8302951768          1.3728900950
        7.1602117975         17.7750800382
        2.5129834531         13.2390977411
        3.8388309594         15.6192486439
        1.1181723737         12.4889043158
        8.4582162373         11.9156876441
        5.9748683288         25.8557561867
        3.5661050157         15.9461815963
       -2.0879340187         15.7107444848
        6.4423119985         11.9485422732
        4.5935303664         21.1295092536
        3.8946469438         15.6926864062
       -1.1500430139         12.8762154577
        6.9308128966          8.9714972017
       -0.4786899027         15.3895845657
       -0.9962059973         15.9933651837
       15.2056477667         26.7921778937
        6.5378645380          8.6820335947
       -2.4177476358         16.1970413243
       16.9725176526          9.9048329839
        7.3721770028         16.0853850521
        7.3022471826         18.0695374635
       -0.5842616668         14.3089200243
       11.7983452018         -3.2472463294
       -0.8437089339         12.3858085561
       -1.2456186710         11.2494068611
        2.3548198376         11.8916934735
        5.8904859360         25.4661186930
        9.9480592519          4.5438822368
        0.1416924234          8.2049374801
       16.2669957214         24.3101792467
        3.6682769366         15.7193785552
        8.1818439290         15.6748631344
        6.4446409533         11.8743010985
        6.8631164335          6.5493369700
        5.4720975336         25.1470176412
        2.8800259523         16.0068877361
        1.8372385342          9.9435340158
       11.9478779963          3.7093589986
        9.6361792672          1.7848374106
        3.7578031668         15.6120885911
        2.3240676218         11.6506574899
        0.7301249020         11.5897534890
        4.8693326813         23.6890404033
        7.7725497844          0.7563450247
        2.8492607639         15.8390430193
        0.7563588384         11.7282204244
        8.7797206334          3.0455992128
        2.4561367225         12.7415741025
        2.2634316795         11.2082644635
        8.2388661001         16.6762867365
        7.9331043314          4.7374144981
        2.1366649081         10.4641916470
        7.7699003662          0.7532632407
       12.9840909187         11.2647978365
        4.4943980197         20.0646103164
       -0.1065448343         13.1811476896
       -1.6389765169         13.7021452443
        1.8152881268          9.9750275282
        4.3807510737         18.8636306660
       15.2149425576         26.9721742551
        2.2909694014         11.4032747467
        5.6049303972         25.0602013068
        3.7834424560         15.6024950914
        7.8936015409          3.1556358152
       10.3958063554         15.5771567889
       10.8202301989          2.2278563918
        2.7784338822         15.3945828928
        6.7531168520          4.6119147138
        2.4983774611         13.1107503006
        1.6348921354         10.5140251656
        4.1327719387         16.7113791747
        6.8666781832          6.6575346665
        4.5872529101         21.0628311440
       -7.3973521322         20.5903677437
       -5.1972259955         15.7271261326
        7.5508472218          7.3068945615
       14.8887173410          2.9546682127
       -0.9285929097         14.9878449762
       13.8069900295         -5.0884193798
        7.7992026402          0.9118274408
        1.8631972410          9.9176358865
       15.2047880950         26.7729185439
        2.2999953572         11.4693952168
        7.2845752485         18.3570028786
        1.0182879314         12.5151551898
       11.6117350665          1.6581514691
        5.7647920467         25.1380311608
       -3.0061649659         17.9986664749
        4.6056650496         21.2578620346
       -1.2797689042         11.4526648778
       11.6296025481          0.5706804181
        1.8448461585          9.9346499283
       10.3102094604         18.2710408327
       -7.1681345092         18.3784138366
       -5.7643821856         15.8051011803
        6.6827544296          4.9365865000
        7.4002605062         14.9569028246
        3.2169254155         16.7275728457
        3.8183967901         15.6068400933
        1.1226640846         12.4835132248
        1.5300221519         10.9821286997
       11.8461088642         -1.9397424398
        0.7046978792         11.4476214343
        6.9413275294          9.4033200229
        2.2699440552         11.2534356239
       -0.8136420424         11.5714260641
       -0.4981261323         15.4974330457
       -1.5534656635         16.0101143171
        9.5516443580          6.5901456486
        3.9291532496         15.7684565954
        2.5274202703         13.3660002494
       11.7560193803         -3.5228210758
        4.5653311685         20.8287362699
       10.0005893660          7.7343929749
        5.7367633032         25.1010277742
        9.6000979899          3.6528346650
        6.0815705118         11.2359532440
        8.3921158972         14.5556258007
       -0.4300258776         14.5242121709
       -0.9112159017         14.5101017316
        0.8846714281         12.2614790918
       -0.0539690189         14.5007355573
       -2.8041018164         13.3599554240
       12.3579992485         18.5354563355
        3.5810216462         15.9082632918
       14.1664012509         19.9598061707
       10.6859497436          1.4742681795
        3.1660848406         16.7459223825
        1.6421001879         10.4847665724
        5.0902920802         24.8756112909
        1.5386613329         10.9414198431
        7.1983919578         18.4259788909
        5.5298264067         25.1023593236
        3.6828469312         15.6949670671
       10.8082221632          1.8681547575
        3.9248183280         15.7576264028
       -0.5521355345         15.0345201215
        0.0167347226          8.0029033809
        0.8503573416         12.1445850487
       10.9781043219         10.8846880302
        7.2342158791         18.6655431208
        4.6514913801         21.7345063138
        3.9380519149         15.7918822994
        4.1505400923         16.8330216617
        5.0770734461         24.8299947019
        7.9275198840          4.4963633799
       -0.4909888506         15.4749775725
       -0.9262439560         14.9271426726
        1.5657685014         10.8155137847
        6.0615107556         10.5163681816
        5.3327368712         25.2222850991
        2.1022607954         10.3120747180
        1.1981665418         12.3425799025
        9.1259471074         18.5315889021
        5.9475335850         25.7136847221
       10.9758913658         10.7325668759
       12.9388974880          7.6668643732
        9.5473581790          6.8663740431
        4.2457842584         17.5805229531
        0.1215904469          8.1515410389
       17.3821072501         22.7636251682
        1.0115907199         12.5103321089
        3.9654568446         15.8741891441
        6.5686023763          7.6580664966
       -3.0165077412         17.9629099253
        6.4277571954         12.3998234641
       12.4511881038         13.3739231880
        0.4927168256         10.0756273935
        0.8432218791         12.1177874433
       10.7217501021          0.9688782624
        1.1398505091         12.4596834225
        6.3141461811         14.7923432885
       -2.5694694626         16.6758363206
        5.1578150724         25.0607138416
        6.9899875070         11.5040643395
       -3.6476649821         15.4452114544
        5.1891986986         25.1208774064
        8.6502019059          3.9761363140
        9.5978983943          3.7768793598
       -0.6037818574         13.7624990717
        0.0573363187          8.0340019587
       -4.1455677419         16.0065832108
        5.6785701814         25.0590221346
       -0.2552249075         10.2606117084
        2.4519282799         12.7050794575
        3.5058759858         16.1086654031
        4.4988007695         20.1120692122
        2.9995867916         16.4987587750
       17.1547999734         26.6890148595
        8.7636372085          2.8676964848
        8.5004014381          9.9812583894
       -5.3827128908         18.1246413037
        7.1291585465         16.9757617490
       17.3212161369         27.1348245014
        8.6695561894          3.5113296539
       -0.1152130354         12.9219050739
       11.6015667460          2.3197972038
        3.9606518204         15.8586428759
        3.9017063970         15.7062575598
       10.6429566507          2.7016111530
        6.3868823631         13.5216036577
       -5.2269481073         15.3311087989
       -3.1896260777         13.8752660522
        2.2005693001         10.8053237387
       13.6945073655         -4.3719485180
        7.0301057098         13.2633824288
        4.1492269540         16.8238292482
       10.7384799847          0.9063573401
       11.8324001375         -2.4178525033
        0.3285695306          9.0281701762
        5.5139244798         25.1142193988
        0.4765021740          9.9660200239
        4.1205380768         16.6311112745
        5.0462898212         24.7114096530
        6.4656293695         11.1843196349
        1.1666950295         12.4125503422
        2.6264718084         14.2230794427
        4.1194874056         16.6243520542
        0.4008621605          9.4674654896
        1.9189398037          9.9056660301
        9.8721937573          0.7896914204
        5.3515452207         25.2188377591
       -4.4574324611         19.1082066711
        8.9710824911         10.5639199669
       -0.5180891080         15.4537769368
        5.1245033498         24.9792182874
       -2.3948743251         15.5127741156
       -3.7830876063         13.9960949535
       10.9820521730         11.1566365961
        0.8388173456         12.1008287082
       12.1910008366         19.2990538891
        2.6918800200         14.7570260132
        7.9911980452          7.4807313856
        4.9537176908         24.2485554924
        3.8588307181         15.6387734748
        5.8639189419         25.3727718390
        3.0661452943         16.6575971534
        8.5098770654          9.5386518123
       -0.2079424964         10.5490443271
        9.5545238543          6.4057092120
       10.6623219436          2.0703869670
        2.7142739811         14.9305635871
        7.0518019538         14.1823925874
       -2.5370497677         17.2709518447
        9.2071089414         20.6411995047
        6.7992627690          5.0719753038
        4.6571746919         21.7925515156
        0.8083713583         11.9751198165
        6.0650893548         10.6468674603
        6.4962102820         10.1323921577
        5.5884200350         25.0667769060
        5.0031680132         24.5157460306
        8.5938434889          5.8463401136
        3.1133926865         16.7210409647
        4.3689096175         18.7431069082
       11.4499725387         13.9217079654
        0.8742760578         12.2281929023
        4.4373842911         19.4542960042
        3.9583974428         15.8515128976
       10.8905630178          5.3359751461
       12.7449018019         -0.9677380082
        9.1248005346         18.4873406519
        6.9627597652         10.3129386911
        3.2901793238         16.6375636171
        3.0541546835         16.6350552828
        7.8012719474          0.9332877865
        0.5228239334         10.2799565820
       -1.7780568972         11.9318388946
       -3.6862348629         14.4467944050
        3.8926422453         15.6890115509
        4.0482912345         16.2173031926
       -1.4653194264         16.2316415501
        9.9485862419          4.5742664359
        8.7802872177          3.0534148674
        6.7056930317          4.6983642814
        8.3137838496         16.4854823706
       -8.3569810868         20.2957251601
       -1.8988676413         15.1375000796
        5.5563084326         25.0843277200
        4.0924560971         16.4578736348
        2.7431535307         15.1459163769
        2.7324705432         15.0674252959
        4.3889944599         18.9482192545
