        1.5659182569
        0.8226490705
       -1.5712044526
        0.4776955894
        0.8576930608
        0.2418209324
        0.9622910660
       -1.3395566144
       -0.3388703948
       -0.1517534737
       -1.3845545899
       -3.4717126806
       -0.5875125456
       -0.7513194429
        0.4372880780
        1.2053019801
       -0.1840861696
        0.7525433191
       -0.2182084040
        1.1585139312
       -1.7014682856
       -0.6471054046
        1.2708927217
        3.0330083802
       -1.2301452484
       -1.2184021932
        0.5553664544
        0.4645433186
       -1.8504942726
        0.0658751967
       -0.6688545166
       -0.0459956069
        0.0653502633
        1.0321048571
       -1.5672350349
       -0.5524489295
        1.5892072304
       -1.9469959824
        0.3948847139
        1.5315647325
       -0.3986213441
        0.2066566400
        0.1846577600
       -0.2258943887
       -1.7977001244
       -0.0885245830
       -0.9359518056
        2.6595189434
        0.2295568773
        1.4998617096
